              precision    recall  f1-score   support

       <PAD>       0.00      0.00      0.00         0
       B-ACT       0.75      0.14      0.24        21
       B-ADM       0.53      0.74      0.62        23
       B-AGE       0.93      0.98      0.95        42
       B-ARA       0.00      0.00      0.00        10
       B-BAT       0.00      0.00      0.00         1
       B-BST       0.68      0.70      0.69       520
       B-CLE       0.79      0.76      0.77       133
       B-COL       0.38      0.50      0.43         6
       B-COR       0.30      0.05      0.09        57
       B-DAT       0.74      0.71      0.72       138
       B-DET       0.37      0.42      0.39       475
       B-DIA       0.72      0.73      0.73       794
       B-DIS       0.45      0.50      0.47       246
       B-DOS       0.50      0.68      0.58        50
       B-DUR       0.36      0.52      0.43        63
       B-FAM       0.50      0.05      0.10        19
       B-FRE       0.25      0.05      0.08        20
       B-HEI       0.00      0.00      0.00         2
       B-HIS       0.45      0.26      0.33        80
       B-LAB       0.67      0.67      0.67       554
       B-MED       0.69      0.86      0.77       181
       B-NBL       0.75      0.79      0.77        78
       B-OCC       0.00      0.00      0.00         3
       B-OTE       0.00      0.00      0.00         4
       B-OTH       0.00      0.00      0.00         3
       B-OUT       0.00      0.00      0.00         6
       B-PER       0.73      1.00      0.85        11
       B-QUC       0.00      0.00      0.00        11
       B-SEV       0.71      0.55      0.62        74
       B-SEX       0.95      1.00      0.97        38
       B-SHA       0.00      0.00      0.00        11
       B-SIG       0.58      0.66      0.62       644
       B-SUB       0.33      0.08      0.12        13
       B-TEX       0.00      0.00      0.00         9
       B-THP       0.45      0.44      0.44       202
       B-TIM       0.00      0.00      0.00        13
       B-VOL       0.00      0.00      0.00         7
       I-ACT       0.00      0.00      0.00        20
       I-ADM       0.00      0.00      0.00         3
       I-AGE       0.92      0.98      0.95        83
       I-ARA       0.38      0.20      0.26        25
       I-BST       0.78      0.64      0.70       498
       I-CLE       0.65      0.48      0.55        27
       I-COL       0.00      0.00      0.00         3
       I-COR       0.00      0.00      0.00        43
       I-DAT       0.74      0.65      0.69       253
       I-DET       0.38      0.30      0.33       489
       I-DIA       0.73      0.69      0.71       851
       I-DIS       0.48      0.46      0.47       211
       I-DOS       0.50      0.72      0.59        92
       I-DUR       0.43      0.45      0.44        89
       I-FAM       0.14      0.01      0.02        83
       I-FRE       0.00      0.00      0.00        33
       I-HEI       0.00      0.00      0.00         2
       I-HIS       0.49      0.51      0.50       281
       I-LAB       0.68      0.49      0.57       431
       I-MED       0.60      0.54      0.57        97
       I-NBL       0.83      0.73      0.78        78
       I-OCC       0.00      0.00      0.00         8
       I-OTE       0.00      0.00      0.00        15
       I-OTH       0.00      0.00      0.00        17
       I-OUT       0.00      0.00      0.00         2
       I-PER       0.00      0.00      0.00         4
       I-QUC       0.00      0.00      0.00         6
       I-SEV       0.00      0.00      0.00         6
       I-SHA       0.00      0.00      0.00         6
       I-SIG       0.34      0.20      0.25       329
       I-SUB       0.00      0.00      0.00         1
       I-TEX       0.00      0.00      0.00         8
       I-THP       0.51      0.35      0.41       136
       I-TIM       0.00      0.00      0.00        27
       I-VOL       0.50      0.12      0.20        16
           O       0.84      0.92      0.88      8175

    accuracy                           0.73     17010
   macro avg       0.34      0.31      0.32     17010
weighted avg       0.71      0.73      0.71     17010
